7 7 7 7 7 7 7 7 7 7 7 7 3 7 3 3 3 3 3 3  
7 14 10 10 10 10 10 14 10 14 14 14 10 6 10 15 6 6 6 6  
7 14 21 13 13 13 13 17 21 13 17 21 17 13 9 13 9 9 9 9  
7 14 21 28 16 16 16 16 20 24 16 24 24 20 16 7 16 12 12 12  
7 14 21 28 35 19 19 19 19 23 27 23 27 27 23 23 10 19 15 15  
3 14 21 28 35 42 22 22 22 22 26 34 26 30 30 30 26 13 22 18  
3 6 21 28 35 42 45 25 29 29 29 33 37 33 37 33 33 29 16 25  
3 6 13 28 31 38 45 52 32 36 36 32 36 44 40 44 36 36 32 19  
3 6 9 20 35 34 41 48 55 37 39 39 35 43 51 47 51 43 39 35  
3 6 9 12 27 38 37 44 51 58 40 42 42 42 50 58 54 58 50 42  
3 9 9 12 15 34 41 40 47 54 61 43 49 49 49 57 61 57 61 53  
7 7 12 12 15 18 37 44 43 50 57 68 46 52 56 56 64 64 60 64  
7 14 14 19 19 22 25 44 51 50 57 60 71 53 59 63 59 67 71 63  
3 10 17 17 22 22 25 28 47 54 53 60 63 78 60 66 66 62 70 74  
7 6 13 20 20 25 25 28 31 50 57 56 63 70 81 63 69 69 65 73  
3 10 9 16 23 27 32 28 31 34 53 60 63 66 73 84 66 72 72 68  
3 6 13 12 19 26 30 35 35 34 37 56 67 66 69 76 87 69 75 75  
3 6 9 16 15 22 29 33 42 38 37 40 63 70 69 76 79 90 72 78  
3 6 9 12 19 63 25 32 40 45 194 88 47 66 73 282 79 82 93 393  
3 9 18 30 45 22 43 71 110 153 48 44 91 141 210 76 151 233 318 96  
